0000000000000000000000000000000000000000001000000000000000000000000000000000000
0110100000000000000000000000000000000000010000000000000000000000000000000000000
0110111000000000000000000000000000000000100000000000000000000000000000000000000
0000000100000000000000000000000000000001000000000000000000000000000000000000000
0110111000000000000000000000000000000010000000000000000000000000000000000000000
0010100000000000000000000000000000000100000000000000000000000000000000000000000
0010100000000000000000000000000000001000000000000000000000000000000000000000000
0000000000000000000000000000000000010000000000000000000000000000000000000000000
0000000000000000000000000000000000100000000000000000000000000000000000000000000
0000000000000000000000000000000001000000000000000000000000000000000000000000000
0000000000000000000000000000000010000000000000000000000000000000000000000000000
0000000000000000000000000000000100000000000000000000000000000000000000000000000
0000000000000000000000000000001000000000000000000000000000000000000000000000000
0000000000000000000000000000010000000000000000000000000000000000000000000000000
0000000000000000000000000000100000000000000000000000000000000000000000000000000
0000000000000000000000000001000000000000000000000000000000000000000000000000000
0000000000000000000000000010000000000000000000000000000000000000000000000000000
0000000000000000000000000100000000000000000000000000000000000000000000000000000
0000000000000000000000001000000000000000000000000000000000000000000000000000000
0000000000000000000000010000000000000000000000000000000000000000000000000000000
0000000000000000000000100000000000000000000000000000000000000000000000000000000
0000000000000000000001000000000000000000000000000000000000000000000000000000000
0000000000000000111110000000000000000000000000000000000000000000000000000000000
0000000000000000111100000000000000000000000000000000000000000000000000000000000
0000000000000000101100000000000000000000000000000000000000000000000000000000000
