000010000000000001110000
000001001000000000100000
000000000000011100000000
000000010000000000000000
000001000000000000000000
000001000000100011100000
000001000000000100000000
000001100000000001000000
000000000000000000000000
000000000000000000000000
000001110000000000100000
000011100000000010101000
000000000000000001010000
000000001010100000000100
000010101100000100000000
001010000000000000000000
000000100000010000000000
000001000001000100000000
000001000000000010000000
000000001110001110000000
000110000000000000000000
000000110000101000010000
000100010000101000010000
000000110000101000010000
000000001110001110000000
000010000000000000000000
000000010111000111000000
000011001000010100001000
000001010100011010000100
000000100001010000100000
000100000000111000000000
000000001111101001110000
000100000000000000000000
000000100000100000000000
000000000100000000100000
000011000000000000011000
000010000000000000001000
000000010000000001001000
000000111100000000011000
000000000000000000000000
000011110000000000000000
000000000000000000000000
000000000001111100000000
000000000011100000000000
000000000001100000000000
000000000001000000000000
000001000000110000000000
000000000000000000000000
000000011100000000000000
000000000000101000000000
000000000000011001000000
000000001011100000100000
000000000010100010000000
000000010010000000000000
000000000000010000000000
000000000000000000000000
000010000001111000000000
000000000000000000000000
000000000000000000000000
000000001000100000000000
000000000000001000000000
000000000000000000000000
000000100001100000000000
000000000001000000000000
000000011111111100000000
000000000100000000000000
000000011100101000000000
000000001110100010100000
000000000000000100000000
000000000100001010000000
000000100000000000000000
000000000011110000000000
000000100000000000000000
000000000000000000000000
000000001000000000000000
000000000001000000000000
000000000000000000000000
000000011100000000000000
000000011101100000000000
000000011101100000000000